2021804198627577918
2021651758490284108
2019845268317835355
2019712676512063911
2019782629113966852
2019811262474203239
2019979178615951786
2020021411017068820
2020135462187463007
2020014667679277324
2021862274672333020
2022104180798718282
2021932885901537474
2022033640406798732
2021874058548457518
2021960498523038012
2021997134221033513
2022344874499223884
2022017776349851789
2022168119310209482
2022075743279493283
2022230764822409216
2022278422475759694
2022251150427512909
2022052087522353416
2022034439094817086
2022298156877353104
2022053739289620605
2022407933774975215
2022634319899169135
2022381202938958004
2022681240307208697
2022565736313663549
ig_3778183071313909681
ig_3823910365072393976
2021976387582939555
2021956330916081754
2021897326324068703
2021870430454497288
2022305754171244807
2022309775078535432
2021978756332892471
2022239851865919870
2021983843767751071
2022053100622651727
2021898282017186106
2021979812777374014
2021990106929016922
2022104089581301761
2022003395306115410
2022136141827170416
2022059442108592138
2021867873598418984
discord_1472503295280021555
discord_1472503342298300499
